4.911769772834843728e+00
4.212434896252210237e+00
4.567657625689849787e+00
5.926468493801153592e+00
4.076287055869247666e+00
1.236338415188811712e+00
4.878706043933535241e+00
4.440148327534050310e+00
3.497162270776811077e+00
5.686885019619284165e+00
3.273020006607716859e+00
5.858301208819606920e+00
4.489883067401192029e+00
3.904633585300156362e+00
5.054777188077030914e+00
5.452330014972407213e+00
3.466388218352518535e+00
5.025179625730242350e+00
4.738528041621494324e+00
3.052550113720748470e+00
4.341667676453791813e+00
5.450154140972918171e+00
3.503483756280192374e+00
4.171949810498666977e+00
4.047054827339772842e+00
4.478903110095068030e+00
5.524332606592778916e+00
4.523801186361883886e+00
4.537678933260512082e+00
5.137982480547552022e+00
3.667693899413123848e+00
5.459271714647647045e+00
4.417468888104742142e+00
3.882367767651679458e+00
5.290160043372686083e+00
5.689630660894311909e+00
3.787132141080696179e+00
4.644901363626102508e+00
3.872432948408583542e+00
2.906677721803136549e+00
2.068894506819812573e+00
3.604062700794553376e+00
3.982060228482055209e+00
4.228431990912230987e+00
5.141992011447225508e+00
4.727212867731798163e+00
5.189261481120581720e+00
2.452222833729739371e+00
2.689828207811430616e+00
2.685485563347049354e+00
4.297984769096932389e+00
2.532162711390081089e+00
3.646272713967064316e+00
4.927320329034176716e+00
3.124914661236095625e+00
7.604960761451367901e+00
2.496635885340206418e+00
3.483363648997838347e+00
4.715728080318316806e+00
3.937048436130994755e+00
5.393225327755093446e+00
5.499428667383239322e+00
5.953226891685325484e+00
3.629594030097448520e+00
5.959202922945970649e+00
4.028726252632896632e+00
3.751046680935739008e+00
4.338851389354930532e+00
4.909303256594025555e+00
4.284106889939259588e+00
5.607485705918823449e+00
2.268075785858040483e+00
4.537690593913340287e+00
4.727540705020235379e+00
5.175320672658125787e+00
4.550817903103225426e+00
4.560090120192810126e+00
4.379249064478841547e+00
2.288068322478168604e+00
5.975758699510327787e+00
3.243304051282302591e+00
4.219594540338319710e+00
2.183916244458469436e+00
4.736552394543469546e+00
5.189429933161038733e+00
5.099861635707469532e+00
3.690441543684389369e+00
4.498840874671464540e+00
4.909443706151439102e+00
2.092525925186330849e+00
1.604604759594677965e+00
3.614636744421539039e+00
3.669144571278710298e+00
6.492036768845983019e+00
2.953776336343760356e+00
4.908378710123501243e+00
4.816808050822751319e+00
3.642466888020019944e+00
3.134758771071436634e+00
4.887506909953370560e+00
2.488582443409141032e+00
5.520014986345909591e+00
4.002811067842757531e+00
5.612552083920998136e+00
3.991328470747260049e+00
4.516112307884833754e+00
4.036709534684202794e+00
3.930310046933924717e+00
4.757994663972015204e+00
3.764967868227983239e+00
4.445524056304424043e+00
4.023665703353828782e+00
3.444361677028521029e+00
4.404232942187862321e+00
4.704779838529166369e+00
3.896174040212148082e+00
3.241871177640546442e+00
3.945756049957059197e+00
3.784941818782458167e+00
4.113063427872197586e+00
4.259817844065802106e+00
5.079316246228039233e+00
4.235248936646642370e+00
6.015191102490083708e+00
2.816499384298264630e+00
3.994221733707248756e+00
3.182581187296143810e+00
2.040590547931324661e+00
5.500155210199022093e+00
4.059274130911220801e+00
4.124472678713042129e+00
4.053252105354267165e+00
3.632979248713561038e+00
5.090051511105086135e+00
5.667073305901711322e+00
3.932414370008549653e+00
3.279842416459347820e+00
3.824779207222969379e+00
4.563796835733770152e+00
6.699563277987733656e+00
2.905322868522459245e+00
4.536580457935555977e+00
4.391970160108749077e+00
4.691119979471714885e+00
2.244768007629625473e+00
3.757682254046883941e+00
4.661819510001767419e+00
4.455388611853702940e+00
2.620182287048142822e+00
2.125365598981199255e+00
5.069302554056296373e+00
3.707815468366853828e+00
3.812236962310497468e+00
7.648033295521472930e+00
3.649261677648774516e+00
5.169187652074873185e+00
6.598300773694870003e+00
3.989129725466605603e+00
4.585492745952303828e+00
3.932414073108326136e+00
5.095029786317323506e+00
7.092995186097116544e+00
3.516391156510164429e+00
4.039527453362086185e+00
7.209879984290022747e+00
4.479273171996815073e+00
5.284449496148081238e+00
4.813859955992553452e+00
2.885949526109838459e+00
2.575610394879313425e+00
5.183144018578104806e+00
3.755943447599033647e+00
1.474126868842322580e+00
4.871012843053547314e+00
4.813640877790047234e+00
5.586693110355094305e+00
5.140382170433097642e+00
5.890309100321849733e+00
4.511324973469686306e+00
5.421959239501967787e+00
2.691360077030795939e+00
4.264655115092693904e+00
7.394766886991916088e+00
5.047780569569565223e+00
4.507605282809154623e+00
4.922468966560760606e+00
4.798122010797012393e+00
3.531695583576343722e+00
4.838079583937456185e+00
3.827622634046303318e+00
5.397107623608799365e+00
4.200303190968003975e+00
4.569060757257985550e+00
2.740891759311310238e+00
3.560755004505067767e+00
4.657040588952288118e+00
2.350432244554806260e+00
5.054783104270790695e+00
3.353964239800184544e-01
5.829026665826809506e+00
6.268829040550222942e+00
5.561212844374486153e+00
2.360466097774787109e+00
4.125391682109386338e+00
4.349391891571324997e+00
5.251606365160666812e+00
5.853094520984964078e+00
3.226991722914545502e+00
4.190701030069650557e+00
4.800786594298267929e+00
3.603739866597353014e+00
4.265895040830868901e+00
4.212625830375205105e+00
5.016936723573118151e+00
5.396175458890160925e+00
3.745797449482037855e+00
4.246885153180697259e+00
3.576732715369404403e+00
3.460446901759549831e+00
4.893528411171932824e+00
3.392150559005958854e+00
4.495974163223110054e+00
3.733050967631070804e+00
3.313515025572884909e+00
6.950968969569651712e+00
3.927775611430199820e+00
3.255042994428092307e+00
4.910285404484072025e+00
4.637761256862692250e+00
6.535827049387359367e+00
5.172679585014506642e+00
5.335062472189077809e+00
5.906025959852772012e+00
3.320085845003898584e+00
7.001529346509828500e+00
-1.380896700147467016e-01
4.302015553392203984e+00
3.618518561845602832e+00
3.026474721727979045e+00
5.796762480989810840e+00
6.067227808430178726e+00
3.868925619483197131e+00
3.836285653151307429e+00
4.136177484925021020e+00
5.316010682024635337e+00
3.148155454408607667e+00
2.420115525301049786e+00
3.717165170729170853e+00
4.139504593661525789e+00
5.020077107169665709e+00
2.928920037391989251e+00
6.943289040923655620e+00
3.363206110785113889e+00
4.503336741381379404e+00
6.168840408640585693e+00
4.820558126348346129e+00
4.639133987810047266e+00
3.708818037116991206e+00
5.591597720842771402e+00
3.745407729917397344e+00
3.223381226024264912e+00
3.638301817286161199e+00
5.376578323173887064e+00
6.448853513922587766e+00
4.884891974796518710e+00
4.398276772443710847e+00
4.335984478618430948e+00
2.860192958193867874e+00
4.299400564055267715e+00
5.727442080736125263e+00
5.108384327027336802e+00
5.373430902176308699e+00
4.880964977604659971e+00
4.222183476781170341e+00
3.414284388174469775e+00
3.325758690197386791e+00
4.908938453680130820e+00
5.485540021302057312e+00
2.936767263295237296e+00
3.908219875966498780e+00
4.480594665221699024e+00
4.474519741554449759e+00
2.852900380595092322e+00
4.851001604706940640e+00
3.071584316580794560e+00
4.278925670132553982e+00
4.860237567697463845e+00
4.723901847635320728e+00
3.543699945694588571e+00
4.892667791703524394e+00
3.781591421470713588e+00
3.399160392051739699e+00
3.585463794637592461e+00
5.015903097255424825e+00
4.026566466561411595e+00
3.269655277421857242e+00
4.905643658688311426e+00
3.221723117233342037e+00
2.906771324979949611e+00
3.988497160701294675e+00
5.673279180316560755e+00
4.764542422188669413e+00
5.087406221032832576e+00
3.892931070772798652e+00
4.033641813895850525e+00
6.635548529102297977e+00
3.704836767017236188e+00
3.131591942212232471e+00
2.640383992909026034e+00
2.291081413096246244e+00
3.726205500773537516e+00
2.439613232533830001e+00
6.160624550442175718e+00
3.809849322383693337e+00
4.477786527919075610e+00
4.403239084696680905e+00
1.559715949800037027e+00
5.802335768194479826e+00
2.265883435504310039e+00
4.431337115197824694e+00
4.196157561134757685e+00
2.567556178283405099e+00
4.121141268236588218e+00
3.815342559697711522e+00
2.481155811950153556e+00
2.848653602484275460e+00
4.098016621003942817e+00
4.418076285247971136e+00
4.393379837151320189e+00
4.320651799068430776e+00
4.000478701962756567e+00
5.421145949028336908e+00
3.770794944483959465e+00
3.270434357507320033e+00
2.557061619070693848e+00
5.947659801069770324e+00
3.519168962645595755e+00
5.872825447361096352e+00
2.779999691482875512e+00
4.425089905547377356e+00
3.950796544178055036e+00
5.044355992998999838e+00
4.962923613535309642e+00
1.986536970293459881e+00
3.748644827468509799e+00
4.171764581179491671e+00
2.795454181729579268e+00
3.721208700791190704e+00
4.937051095420125435e+00
4.433860307132847289e+00
4.064399064289683672e+00
4.101317881044796110e+00
5.530752087258459682e+00
3.063865875220225909e+00
3.162070864601574272e+00
3.900625804181886203e+00
4.456053556105131541e+00
2.216330026162697031e+00
4.323946536753064507e+00
4.289572573694986346e+00
3.959458967739810209e+00
2.654595524169470977e+00
4.191689940386292612e+00
6.834835544696507448e+00
5.741878715074091311e+00
5.583617615271819545e+00
4.902240367271885724e+00
4.993859449955513341e+00
3.335125042946888829e+00
6.380560518955515903e+00
3.046071999399889485e+00
4.788359535135541023e+00
4.232795011310106048e+00
4.255889290449989204e+00
4.201795695392333663e+00
3.959199620631943084e+00
5.244525386276892576e+00
5.307160223921390418e+00
3.783727707726436851e+00
3.410916794321119827e+00
3.540590688912278683e+00
4.892791836788525472e+00
4.761267827299872302e+00
4.420658421052480413e+00
3.449848609470834937e+00
3.711951262996949108e+00
4.667384094923132665e+00
3.123485101241115558e+00
4.431248824878762704e+00
4.087154702489488756e+00
4.868862012765879932e+00
3.724982877318165908e+00
3.063480585927860655e+00
4.193905558969478697e+00
6.026990231785213759e+00
4.627758211585883963e+00
5.340972013019053222e+00
4.844652494495269579e+00
3.918096429213562271e+00
3.799274478385605835e+00
2.571217612787403795e+00
2.519203834868389613e+00
3.315921227133249438e+00
2.924286257312084913e+00
5.963013938830366456e+00
3.770196502465339883e+00
4.529737512923659004e+00
3.736810264001254378e+00
3.294425251491074569e+00
5.569946789077715898e+00
3.985044991071273746e+00
2.779178436133703300e+00
3.498752154507826173e+00
4.632642338322594533e+00
2.669570245594509394e+00
3.403978191072723813e+00
6.676051056990699450e+00
4.206873609627319155e+00
4.081721319154024030e+00
3.183901383528176865e+00
4.305880156302439588e+00
3.559764808523058210e+00
3.892700991919386677e+00
5.689579862947155675e+00
5.392640612474632889e+00
2.330426219529997844e+00
3.612482751065947184e+00
4.718396681366970213e+00
4.766332359839305255e+00
4.670047359212214033e+00
5.035833922352998648e+00
4.165206034128480894e+00
6.311744424382355945e+00
4.558221667193843807e+00
3.708463012644954926e+00
4.929501373912807516e+00
3.823983194842174971e+00
3.241360433175165756e+00
2.206464897141637849e+00
4.258388544989252011e+00
4.346401787292057506e+00
4.308165228547743197e+00
3.409212202084629606e+00
5.511787571446474132e+00
2.706360594625980109e+00
3.815487942739836047e+00
3.166754324601498638e+00
3.958772063474953029e+00
5.743859161276850145e+00
4.981022349705152230e+00
5.511531375345248840e+00
5.205211193241519929e+00
3.439138438978154966e+00
3.429713057147036004e+00
4.062245511214915616e+00
4.464046069681712581e+00
3.503756078812460650e+00
5.180375171641188103e+00
4.704350672795913013e+00
3.769778171525772770e+00
5.962653469243692328e+00
3.579900762828484684e+00
1.668471647244307743e+00
5.335383206986031190e+00
3.880348710102253573e+00
4.049308150092150171e+00
3.887535446724086352e+00
3.686551764575047407e+00
5.432449358556418417e+00
4.654666287087180443e+00
4.459053761405103344e+00
4.999903594706157861e+00
4.143369125863483049e+00
3.760856422129134291e+00
3.875489211632511033e+00
4.010781756924224339e+00
4.920943212096669406e+00
5.400275013372281663e+00
3.764113884568858204e+00
4.348707583696115542e+00
2.029978870267948210e+00
2.943021778204775174e+00
3.138979635879997510e+00
3.626204554705870109e+00
4.898235924896701121e+00
3.440600793054660045e+00
5.817593184346549151e+00
7.544212966290790412e+00
4.520295560771085519e+00
3.541950054302165807e+00
4.191257102639573517e+00
4.418220582636358529e+00
5.655775193487711405e+00
5.301249297556205775e+00
4.644090378892743232e+00
4.416698370675273821e+00
3.699682055936423630e+00
5.601346968290727091e+00
3.417515201677243653e+00
3.717008226853678821e+00
3.290990332364204463e+00
3.222131442065721885e+00
3.024006567741479579e+00
3.786855228837976206e+00
3.984246049143101764e+00
4.433064569982646752e+00
3.260660292279315531e+00
3.020034163164302399e+00
2.178049169815577280e+00
3.208046865227200950e+00
3.936142702242150904e+00
4.587318390180183059e+00
3.187791977441217561e+00
3.573195001557995631e+00
4.728793194512004305e+00
3.749511900898707673e+00
3.950066305006877165e+00
2.637644349993069959e+00
2.804495055069875509e+00
4.325545501739369136e+00
6.192407805999070369e+00
5.301280085203666559e+00
4.831463204774391507e+00
4.147597945952924192e+00
4.576900342417324907e+00
4.255944210265389493e+00
3.319147870541692136e+00
4.901038362928836101e+00
3.698950698776801715e+00
4.075553466985617490e+00
5.733446141076917968e+00
3.261375964943340477e+00
6.126577784855113507e+00
2.755615826886224085e+00
3.998985950408937562e+00
2.800769341760372733e+00
3.929025892382031149e+00
3.876901776558595802e+00
3.775424106026809667e+00
1.942233861385093352e+00
1.465746710910654560e+00
2.929922359412034716e+00
3.891133943006203744e+00
4.521029461457261256e+00
1.635060341833395992e+00
4.608249784455356490e+00
5.417907207446697626e+00
3.620159109859223179e+00
5.812830942668254508e+00
2.506546554567289142e+00
4.571730281829254672e+00
3.739248128016477768e+00
3.997316186362275037e+00
3.494597646840503558e+00
4.016311740468426095e+00
4.989947029841688142e+00
3.701013129476046881e+00
2.940577642208796139e+00
5.439998489344850086e+00
4.896724005318850104e+00
3.925190271290960986e+00
5.553014200429515768e+00
3.907656938268624813e+00
4.318062540006257777e+00
5.691001281740388329e+00
2.355289070883478608e+00
4.358646810483091549e+00
6.217173415823381788e+00
3.166680344678689529e+00
4.817724593279241851e+00
3.957839000479784097e+00
2.777249085372148318e+00
4.941996520505282042e+00
2.390075648632342897e+00
2.640675492857877504e+00
3.266744872302417058e+00
4.657578832236309196e+00
3.309848013046787329e+00
5.376604101522123536e+00
3.317145725253058064e+00
4.009825720495648227e+00
5.345511723749039490e+00
4.602115182813237837e+00
3.146745579641776480e+00
3.725312652871010322e+00
3.661745229207616248e+00
3.802963395360352550e+00
4.997450101983461401e+00
4.913558943837536219e+00
5.098833590153933670e+00
4.278922775813684076e+00
1.344816046373331631e-02
2.625061754299803152e+00
4.946856620699541907e+00
3.868963552957742635e+00
4.596430876936469900e+00
4.704637641272459092e+00
3.468487921401150142e+00
2.946287547122405037e+00
2.708391761668252684e+00
3.240496137187328429e+00
5.952383890259290489e+00
5.149073351917431651e+00
4.731132815382213863e+00
2.258682079474318538e+00
4.898119874950316088e+00
5.093579769281509684e+00
4.325496425204528705e+00
2.796623446057354911e+00
5.710928235132221253e+00
4.112043063452823333e+00
5.083630432181190706e+00
4.115872727394055630e+00
3.447417086661962227e+00
2.843340869828611783e+00
5.870836632023407553e+00
3.606491534749193928e+00
5.376538738422271813e+00
3.770576402329981480e+00
4.587978356302117255e+00
2.852263548744214727e+00
4.886057639666168129e+00
2.437322846757911332e+00
1.862385573212821388e+00
5.063473812305688604e+00
2.373626877515812250e+00
5.326051327831320847e+00
4.534189122080148238e+00
3.576875162519667306e+00
3.933442936773974274e+00
5.038294019303131144e+00
3.495505293131228264e+00
3.172303426010930849e+00
4.470071555709642652e+00
3.174907351179899084e+00
3.438914270479211055e+00
4.479134462540515393e+00
2.077913528280785904e+00
5.288249911294157002e+00
3.362300804849948754e+00
4.144089145267297880e+00
4.261958977384763259e+00
4.616709184751011996e+00
3.753496147376500502e+00
5.954886579039701644e+00
3.088027529153339223e+00
3.178926936908838208e+00
4.881842268513103988e+00
4.057676940158786216e+00
3.507163619240704300e+00
4.591261385917037252e+00
3.271931084569176029e+00
3.630015291404599331e+00
3.364769449077126051e+00
4.393391829992517650e+00
5.732836245593389002e+00
3.446131961695384049e+00
2.653074990451853132e+00
6.795608607615037933e+00
4.889482666706038927e+00
4.143574675156334486e+00
2.764856428856822923e+00
3.953115474068243707e+00
2.521725465538087185e+00
5.907049140389164066e+00
6.058073137887151738e+00
5.698372777308339465e+00
3.756133625846996171e+00
4.261376478089766273e+00
3.762534396640889511e+00
7.241508386478754389e+00
4.463901198369709888e+00
2.628949322190297089e+00
3.903537818289767536e+00
4.560693229811275451e+00
5.334661913754434437e+00
3.465304024483045087e+00
3.907016020923808952e+00
4.217834877731350574e+00
